   1 c 9999.000 9999.000    0.000    0.000    0.000 0.000  0  9 None
   2 R  -91.806  149.026   26.185   14.866    1.708 0.782  9 14 Warn
   3 I  -70.020  138.929    5.741   12.185    1.157 0.812 25 12 Strong
   4 P  -63.671  151.352    8.990   12.245    1.391 0.830  9 12 Warn
   5 N  -64.556  -23.827    5.096    8.302    0.672 0.812 25 12 Strong
   6 Q  -91.909   -7.007   10.036    7.259    0.615 0.808 25 15 Strong
   7 K  -74.688  143.851   13.887   14.955    0.745 0.822  7 15 Warn
   8 c -125.213  160.159   16.657    9.768    0.576 0.865 25 14 Strong
   9 F  -75.222  139.156   10.843   14.637    0.549 0.860  7 14 Warn
  10 Q  -60.319  -31.791    5.178    6.924    0.439 0.824 10 14 Generous
  11 H  -72.273  -15.638    8.130   10.237    0.492 0.788 25 15 Strong
  12 L  -79.257  -23.217   19.891   21.468    0.734 0.790 25 14 Strong
  13 D  -66.194  -34.210    4.385    6.334    0.759 0.825 25 13 Strong
  14 D  -70.842  -35.914    7.502    6.761    1.012 0.862 25 13 Strong
  15 c  -66.277  -36.612    4.775    7.195    1.336 0.870 25 13 Strong
  16 c  -68.048  -27.405    6.266    7.680    1.273 0.868 25 14 Strong
  17 S  -90.477   -1.126    9.041   11.950    1.026 0.849 10 14 Generous
  18 R   64.553   26.290    6.645    7.185    0.815 0.866 25 15 Strong
  19 K  -97.205  133.922   22.412   27.923    0.807 0.867  9 15 Warn
  20 c  -89.727  121.638   18.424   18.011    1.893 0.892 25 15 Strong
  21 N  -85.207  144.574   13.761   40.017    0.000 0.847 10 15 Warn
  22 R  -71.937  -22.365    9.383   13.641    0.458 0.837 25 15 Strong
  23 F -103.385    0.311   10.368   11.282    0.431 0.830 25 15 Strong
  24 N   51.923   46.892    4.891    5.411    0.393 0.879 25 15 Strong
  25 K -129.873  150.002   19.266    8.997    0.482 0.904 25 15 Strong
  26 c  -84.673  133.695   18.025   16.500    1.283 0.906 25 15 Strong
  27 V -121.179  141.549   13.297   19.113    0.678 0.816 25 15 Strong
  28 L  -81.452  129.396   16.868   15.601    0.613 0.665 25 13 Strong
  29 P  -67.313  150.307    7.497    5.951    0.585 0.531 25 13 Dyn
  30 E  -73.851  -13.344   16.466   14.136    0.415 0.453 10 13 Dyn
  31 T  -90.337   -1.959   17.028   14.205    0.601 0.382  8 14 Dyn
  32 G   87.329    4.981   10.515    7.379    0.604 0.316 25 13 Dyn
  33 G  -93.105 -178.981   25.500   21.761    1.179 0.279  6 12 Dyn
  34 G 9999.000 9999.000    0.000    0.000    0.000 0.000  0  8 None
