REMARK  Predicted order parameter (S2) from backbone chemical shifts for 2n71.tab
REMARK    from David Wishart's RCI method, JACS, 127(43), 14970-14971

VARS RESID RESNAME CS_CNT CS_CNT_R2 S2 
FORMAT %4d %1s %2d %2d %8.3f 

    1 A  8  3    0.715
    2 E 11  5    0.740
    3 D 14  3    0.791
    4 c 15  6    0.826
    5 V 17  6    0.841
    6 G 17  5    0.830
    7 R 17  6    0.810
    8 K 18  6    0.822
    9 A 18  6    0.834
   10 c 18  6    0.859
   11 T 18  6    0.730
   12 R 18  6    0.698
   13 E 18  6    0.670
   14 W 16  6    0.747
   15 Y 14  4    0.779
   16 P 14  4    0.828
   17 V 16  6    0.877
   18 c 17  6    0.905
   19 G 17  5    0.893
   20 S 17  6    0.840
   21 D 17  6    0.782
   22 G 16  5    0.759
   23 V 16  5    0.773
   24 T 17  6    0.815
   25 Y 18  6    0.849
   26 S 17  6    0.876
   27 N 15  5    0.889
   28 P 15  4    0.887
   29 c 16  6    0.894
   30 N 18  6    0.901
   31 F 18  6    0.910
   32 S 18  6    0.907
   33 A 18  6    0.893
   34 Q 18  6    0.891
   35 Q 18  6    0.879
   36 E 18  6    0.893
   37 Q 18  6    0.887
   38 c 17  6    0.890
   39 D 15  5    0.832
   40 P 15  4    0.776
   41 N 16  6    0.749
   42 I 18  6    0.774
   43 T 18  6    0.817
   44 I 18  6    0.840
   45 A 18  6    0.843
   46 H 18  6    0.848
   47 M 17  6    0.849
   48 G 17  5    0.849
   49 E 16  6    0.841
   50 c 11  5    0.835
