   1 A 9999.000 9999.000    0.000    0.000    0.000 0.000  0  8 None
   2 E  -86.495  145.446   25.160   12.554    1.459 0.740  7 11 Warn
   3 D  -72.407  134.249   14.733   17.959    0.794 0.791  8 14 Warn
   4 c  -65.463  132.313    5.633    6.483    0.838 0.826 25 15 Strong
   5 V -119.688  126.900   10.809    8.494    0.571 0.841 25 17 Strong
   6 G -100.863  152.933   27.508   15.103    0.685 0.830 10 17 Generous
   7 R -103.204  128.281   21.684    9.622    0.515 0.810 25 17 Strong
   8 K -123.158  135.887   18.635   11.669    0.550 0.822 25 18 Strong
   9 A  -78.652  119.940    9.576   12.390    0.682 0.834 25 18 Strong
  10 c  -93.747  135.050   19.347   31.748    1.008 0.859 10 18 Generous
  11 T  -78.526  141.262   16.108   14.144    0.899 0.730  7 18 Warn
  12 R  -73.547  149.462   12.963   13.580    0.826 0.698  5 18 Warn
  13 E  -67.620  134.653    8.641    9.077    0.751 0.670 25 18 Strong
  14 W  -90.023  118.851   14.705    9.654    0.715 0.747 25 16 Strong
  15 Y -117.355  105.735   14.302   19.511    1.254 0.779 25 14 Strong
  16 P  -66.451  143.139    8.295    9.518    1.219 0.828  9 14 Warn
  17 V -134.827  143.166   13.264   13.690    0.855 0.877 25 16 Strong
  18 c  -88.663  124.790   15.277   12.136    1.191 0.905 25 17 Strong
  19 G  -79.667  164.666   10.764   10.195    0.638 0.893 25 17 Strong
  20 S  -64.147  -19.457    4.487    7.116    0.355 0.840 25 17 Strong
  21 D  -87.779    1.698    6.962    6.418    0.300 0.782 25 17 Strong
  22 G   89.166    0.946    5.023    8.180    0.258 0.759 25 16 Strong
  23 V  -87.213  131.720   12.111    8.726    0.296 0.773 25 16 Strong
  24 T  -88.880  130.005   11.300   10.368    0.420 0.815 25 17 Strong
  25 Y  -94.577  136.096   24.800   15.517    0.570 0.849 25 18 Strong
  26 S  -63.675  -34.287    7.507    9.839    0.474 0.876 25 17 Strong
  27 N -142.142  158.269   32.061   18.285    0.596 0.889  9 15 Warn
  28 P  -60.891  -34.359    4.125    5.558    0.455 0.887 25 15 Strong
  29 c  -64.858  -41.006    3.069    4.264    0.347 0.894 25 16 Strong
  30 N  -66.481  -41.176    3.826    4.079    0.256 0.901 25 18 Strong
  31 F  -63.514  -44.189    3.607    3.400    0.177 0.910 25 18 Strong
  32 S  -63.928  -39.279    3.371    4.482    0.168 0.907 25 18 Strong
  33 A  -64.755  -40.549    4.096    4.258    0.139 0.893 25 18 Strong
  34 Q  -65.301  -41.126    3.553    5.515    0.158 0.891 25 18 Strong
  35 Q  -65.333  -37.400    2.542    4.925    0.187 0.879 25 18 Strong
  36 E  -65.911  -30.988    6.156    7.742    0.216 0.893 25 18 Strong
  37 Q  -82.505  -18.051   11.545    9.623    0.243 0.887 25 18 Strong
  38 c  -94.019   -5.321    8.851    8.202    0.287 0.890 25 17 Strong
  39 D  -84.545  125.932   27.593   22.129    0.277 0.832 25 15 Strong
  40 P  -66.644  -20.027    6.238    5.891    0.279 0.776 25 15 Strong
  41 N  -87.491   -2.033    6.641    7.793    0.239 0.749 25 16 Strong
  42 I  -73.979  138.422   23.363    8.135    0.416 0.774  9 18 Warn
  43 T -129.859  148.274   13.293   14.634    0.435 0.817 25 18 Strong
  44 I  -78.769  120.579    6.964    8.055    0.532 0.840 25 18 Strong
  45 A  -81.761  -42.700   10.212   10.408    0.854 0.843 25 18 Strong
  46 H -158.065  158.874    9.767    6.860    1.030 0.848 25 18 Strong
  47 M  -97.458  131.212   25.373   15.657    1.489 0.849  9 17 Warn
  48 G  139.442   42.486   66.878   93.043    1.982 0.849  7 17 Warn
  49 E  -63.657  140.714    8.886    9.828    2.557 0.841 25 16 Strong
  50 c 9999.000 9999.000    0.000    0.000    0.000 0.000  0 11 None