REMARK  Predicted order parameter (S2) from backbone chemical shifts for 2mfa.tab
REMARK    from David Wishart's RCI method, JACS, 127(43), 14970-14971

VARS RESID RESNAME CS_CNT CS_CNT_R2 S2 
FORMAT %4d %1s %2d %2d %8.3f 

    1 L  8  3    0.794
    2 K 13  5    0.791
    3 c 14  5    0.800
    4 F 14  4    0.744
    5 Q 14  5    0.713
    6 H 14  5    0.683
    7 G 13  4    0.717
    8 K 13  4    0.755
    9 V 14  5    0.770
   10 V 15  5    0.812
   11 T 15  5    0.825
   12 c 14  5    0.859
   13 H 14  4    0.832
   14 R 14  5    0.793
   15 D 15  5    0.702
   16 M 15  5    0.676
   17 K 15  5    0.720
   18 F 15  5    0.836
   19 c 15  5    0.929
   20 Y 15  5    0.929
   21 H 15  5    0.907
   22 N 15  5    0.873
   23 T 14  5    0.809
   24 G 14  4    0.645
   25 M 12  5    0.568
   26 P 13  3    0.526
   27 F 13  5    0.578
   28 R 15  5    0.607
   29 N 15  5    0.611
   30 L 15  5    0.601
   31 K 15  5    0.601
   32 L 15  5    0.645
   33 I 14  5    0.717
   34 L 14  4    0.765
   35 Q 13  5    0.823
   36 G 14  4    0.845
   37 c 14  5    0.887
   38 S 15  5    0.840
   39 S 15  5    0.817
   40 S 15  5    0.780
   41 c 15  5    0.767
   42 S 15  5    0.714
   43 E 14  5    0.722
   44 T 14  4    0.735
   45 E 13  5    0.786
   46 N 14  4    0.768
   47 N 13  5    0.809
   48 K 14  4    0.852
   49 c 14  5    0.923
   50 c 15  5    0.912
   51 S 15  5    0.875
   52 T 15  5    0.863
   53 D 15  5    0.872
   54 R 15  5    0.890
   55 c 15  5    0.880
   56 N 16  5    0.865
   57 K 11  6    0.860
