RESID RESNAME PHI PSI DPHI DPSI DIST S2 COUNT OUCS_CNT CLASS 
1 c 9999.000 9999.000 0.000 0.000 0.000 0.000 0 8 None
2 K -102.736 143.028 31.795 15.909 1.239 0.724 10 12 Generous
3 G -83.853 169.637 12.945 10.373 0.540 0.748 8 14 Warn
4 K -59.243 133.016 5.546 4.214 0.247 0.759 25 13 Strong
5 G 90.931 -10.160 5.529 8.209 0.173 0.713 25 14 Strong
6 A -73.211 143.863 9.532 8.517 0.193 0.733 25 14 Strong
7 S -88.126 132.783 16.225 11.779 0.376 0.764 6 15 Warn
8 c -132.568 152.009 11.545 10.963 0.335 0.867 25 15 Strong
9 R -84.283 148.321 15.956 17.302 0.405 0.838 25 13 Strong
10 R -60.413 -34.006 4.525 11.569 0.624 0.761 10 12 Generous
11 T -73.429 -17.334 9.062 12.228 0.730 0.669 25 12 Strong
12 S -87.716 -9.502 18.760 14.568 0.926 0.654 8 14 Warn
13 Y -80.507 -7.795 14.474 14.649 0.747 0.707 25 15 Strong
14 D -88.879 -6.848 8.897 9.749 0.704 0.806 25 15 Strong
15 c -80.242 126.607 14.484 19.997 0.987 0.862 25 15 Strong
16 c -70.572 -19.583 8.264 10.366 0.910 0.825 25 15 Strong
17 T -101.022 2.064 15.968 18.622 0.759 0.753 7 14 Warn
18 G 85.803 7.272 12.373 14.550 0.589 0.729 8 14 Warn
19 S -99.471 147.011 25.731 14.356 0.598 0.749 25 14 Strong
20 c -79.252 119.770 11.720 9.475 0.422 0.803 25 15 Strong
21 R -120.002 123.401 18.227 13.154 0.420 0.786 25 15 Strong
22 S 54.527 41.122 4.862 7.452 0.340 0.727 25 14 Strong
23 G 79.218 8.148 7.880 9.783 0.425 0.669 25 14 Strong
24 R 9999.000 9999.000 0.000 0.000 0.000 0.000 0 9 None
25 R 9999.000 9999.000 0.000 0.000 0.000 0.000 0 9 None