   1 c 9999.000 9999.000    0.000    0.000    0.000 0.000  0  9 None
   2 R  -88.061  139.758   29.141   21.182    1.353 0.736 10 14 Generous
   3 I  -66.290  137.587    6.337    9.869    1.395 0.771 25 13 Strong
   4 P  -68.059  151.482    6.666    6.705    1.274 0.786 25 13 Strong
   5 N  -67.667  -27.564   15.367   13.103    1.040 0.769  9 13 Warn
   6 Q  -98.481    4.107   14.537   17.534    0.822 0.772  6 15 Warn
   7 K  -72.006  136.028   11.051   10.801    0.808 0.800 10 15 Generous
   8 c -140.530  157.446   12.120   10.787    0.757 0.847 25 14 Strong
   9 F  -72.297  140.131   11.797   11.139    0.453 0.833 25 14 Strong
  10 Q  -60.424  -29.532    6.700    8.409    0.381 0.803 25 14 Strong
  11 H  -83.602   -3.529   13.867   16.302    0.523 0.744 25 15 Strong
  12 L  -98.882   -7.468   17.779   17.541    0.837 0.692  8 14 Warn
  13 D  -69.084  -24.565    7.934    8.059    0.814 0.694 25 13 Strong
  14 D  -90.562   -0.198   18.031   19.214    0.954 0.729 25 13 Strong
  15 c  -66.974  -31.659    9.020   34.008    1.751 0.798  8 13 Warn
  16 c  -69.824  -27.521    6.952   11.781    1.278 0.824 25 14 Strong
  17 S  -99.285   -1.573   12.410   13.417    0.583 0.832 25 14 Strong
  18 R   63.724   29.535    7.356    7.290    0.432 0.858 10 15 Generous
  19 K  -90.100  138.069   22.405   11.218    0.469 0.866 10 15 Generous
  20 c  -91.299  130.344   18.227   22.126   -0.036 0.887 25 15 Strong
  21 N  -69.642  -26.559    6.682    8.907   -0.671 0.838  6 15 Warn
  22 R  -69.103  -18.804    6.480   12.136    0.326 0.824 25 15 Strong
  23 F -100.378    4.120    8.987   12.091    0.378 0.819 25 15 Strong
  24 N   56.927   39.227    5.386    9.010    0.308 0.869 25 15 Strong
  25 K -126.700  148.569   16.330   10.098    0.341 0.895 25 15 Strong
  26 c  -80.997  131.176   13.631   10.793    0.685 0.892 25 15 Strong
  27 V -119.098  138.299   13.046   18.144    0.438 0.806 25 15 Strong
  28 L  -70.040  134.720    6.718    9.276    0.438 0.673 25 13 Strong
  29 P  -64.682  146.948    8.317   11.987    0.505 0.523 10 13 Dyn
  30 E  -71.260  -16.530   15.168   13.199    0.468 0.403  7 13 Dyn
  31 T  -89.455   -4.981   17.035   16.200    0.648 0.307  8 14 Dyn
  32 G   86.869    6.792    9.406    8.166    0.629 0.218 25 13 Dyn
  33 G  -89.553 -179.971   21.695   21.881    1.218 0.155  5 12 Dyn
  34 G 9999.000 9999.000    0.000    0.000    0.000 0.000  0  8 None
