REMARK  Predicted order parameter (S2) from backbone chemical shifts for 2mf3.tab
REMARK    from David Wishart's RCI method, JACS, 127(43), 14970-14971

VARS RESID RESNAME CS_CNT CS_CNT_R2 S2 
FORMAT %4d %1s %2d %2d %8.3f 

    1 S  9  3    0.749
    2 K 15  6    0.783
    3 E 18  6    0.830
    4 c 18  6    0.872
    5 M 18  6    0.858
    6 T 18  6    0.831
    7 D 17  6    0.820
    8 G 17  5    0.827
    9 T 17  6    0.866
   10 V 18  6    0.894
   11 c 18  6    0.916
   12 Y 18  6    0.862
   13 I 18  6    0.780
   14 H 18  6    0.725
   15 N 18  6    0.683
   16 H 18  6    0.661
   17 N 18  6    0.677
   18 D 18  6    0.732
   19 c 18  6    0.809
   20 c 17  6    0.837
   21 G 17  5    0.862
   22 S 17  6    0.888
   23 c 18  6    0.912
   24 L 18  6    0.909
   25 c 18  6    0.889
   26 S 18  6    0.802
   27 N 16  6    0.739
   28 G 14  4    0.690
   29 P 14  4    0.673
   30 I 16  6    0.663
   31 A 17  6    0.658
   32 R 15  5    0.689
   33 P 15  4    0.714
   34 W 16  6    0.725
   35 E 18  6    0.694
   36 M 18  6    0.665
   37 M 18  6    0.644
   38 V 17  6    0.649
   39 G 17  5    0.711
   40 N 17  6    0.795
   41 c 18  6    0.901
   42 M 18  6    0.915
   43 c 16  6    0.915
   44 G 14  4    0.859
   45 P 14  4    0.779
   46 K 15  6    0.693
   47 A 11  5    0.655
