[41 rows x 23 columns]
Epoch 200 Batch 200
testing_df = testing_df.dropna(subset=[nuclei_list], thresh = len(nuclei_list)-4)
['geodia', 23, 5, 1.0, 0.8070283532142639]
['geodia', 18, 7, 1.0, 0.9347004532814026]
['2n9t', 25, 21, 0.0, 0.9330029010772705]
['2n9t', 25, 16, 0.0, 0.6643657088279724]
['2n9t', 25, 9, 0.0, 0.7275694787502289]
['2n9t', 21, 16, 0.0, 0.7266385197639466]
['2n9t', 21, 9, 1.0, 0.7444605767726898]
['2n9t', 16, 9, 0.0, 0.6400882303714752]
['2n9t', 15, 2, 0.0, 0.7418694019317627]
['2n8e', 26, 16, 0.0, 0.6421669244766235]
['2n8e', 26, 15, 0.0, 0.5957205653190613]
['2n8e', 20, 8, 1.0, 0.7764144778251648]
['2n8e', 16, 15, 0.0, 0.7626405596733093]
['2mfa', 55, 50, 1.0, 0.6901484549045562]
['2mfa', 55, 41, 0.0, 0.8627932369709015]
['2mfa', 55, 19, 0.0, 0.9461242198944092]
['2mfa', 55, 3, 0.0, 0.7166887104511261]
['2mfa', 50, 41, 0.0, 0.8238336324691773]
['2mfa', 50, 19, 0.0, 0.8811414182186127]
['2mfa', 50, 3, 0.0, 0.7911656498908997]
['2mfa', 41, 19, 0.0, 0.7079020202159881]
['2mfa', 41, 3, 0.0, 0.8885788321495056]
['2mfa', 19, 3, 1.0, 0.7726385831832886]
['2lye', 16, 14, 1.0, 0.88041832447052]
['2lye', 16, 7, 1.0, 0.9063085317611694]
['2lye', 16, 5, 1.0, 0.8776921987533569]
['2lye', 14, 7, 1.0, 0.9540820121765137]
['2lye', 14, 5, 1.0, 0.9364844918251037]
['2lye', 12, 3, 0.0, 0.7853636860847473]
['2lye', 7, 5, 1.0, 0.88041832447052]
['G117', 31, 20, 0.0, 0.6370359182357788]
['G117', 24, 19, 0.0, 0.7364892899990082]
['G117', 24, 15, 0.0, 0.775138771533966]
['G117', 24, 14, 0.0, 0.6729369521141052]
['G117', 24, 8, 0.0, 0.7304677367210388]
['G117', 19, 15, 0.0, 0.8472522377967835]
['G117', 19, 14, 1.0, 0.6837955772876739]
['G117', 19, 8, 0.0, 0.8585717439651489]
['G117', 15, 14, 0.0, 0.8621088862419128]
['G117', 15, 8, 0.0, 0.6536642432212829]

With Exp_df
['geodia', 23, 5, 1.0, 0.7090260028839112]
['geodia', 18, 7, 1.0, 0.940346360206604]
['2n9t', 25, 21, 0.0, 0.9621114134788513]
['2n9t', 25, 16, 0.0, 0.5958794295787812]
['2n9t', 25, 9, 0.0, 0.6849859297275543]
['2n9t', 21, 16, 0.0, 0.6809516668319702]
['2n9t', 21, 9, 1.0, 0.7064537286758423]
['2n9t', 16, 9, 0.0, 0.6814393699169159]
['2n9t', 15, 2, 0.0, 0.7720734655857087]
['2n8e', 26, 16, 1.0, 0.7343301653862]
['2n8e', 26, 15, 1.0, 0.6157620429992676]
['2n8e', 20, 8, 1.0, 0.8743638813495636]
['2n8e', 16, 15, 0.0, 0.7713197290897369]
['2mfa', 55, 50, 0.0, 0.8199193358421326]
['2mfa', 55, 41, 0.0, 0.8225573241710663]
['2mfa', 55, 19, 0.0, 0.934050691127777]
['2mfa', 55, 3, 1.0, 0.7171092212200165]
['2mfa', 50, 41, 0.0, 0.8084434866905212]
['2mfa', 50, 19, 0.0, 0.8023058414459229]
['2mfa', 50, 3, 0.0, 0.7846576988697052]
['2mfa', 41, 19, 0.0, 0.751248699426651]
['2mfa', 41, 3, 0.0, 0.8271913170814514]
['2mfa', 19, 3, 1.0, 0.8526058673858643]
['2lye', 16, 14, 1.0, 0.9540102779865265]
['2lye', 16, 7, 1.0, 0.930817699432373]
['2lye', 16, 5, 1.0, 0.884695029258728]
['2lye', 14, 7, 1.0, 0.9606988966464997]
['2lye', 14, 5, 1.0, 0.9276441216468811]
['2lye', 12, 3, 0.0, 0.8018818974494935]
['2lye', 7, 5, 1.0, 0.9540102779865265]
['G117', 31, 20, 1.0, 0.7327801704406738]
['G117', 24, 19, 0.0, 0.7504221618175506]
['G117', 24, 15, 0.0, 0.7536132633686066]
['G117', 24, 14, 0.0, 0.6697457790374756]
['G117', 24, 8, 0.0, 0.7120979070663452]
['G117', 19, 15, 0.0, 0.7438139975070953]
['G117', 19, 14, 0.0, 0.7475065886974335]
['G117', 19, 8, 0.0, 0.8642144203186035]
['G117', 15, 14, 0.0, 0.8312072098255158]
['G117', 15, 8, 0.0, 0.6968118369579315]
['G117', 14, 8, 0.0, 0.9079541742801667]